mean_x = 0.738568
mean_y = 1.48193
var_x = 0.698967
var_y = 0.616935
cov = -0.647192
m = -0.925925
b = 2.16579
rms = 0.132983


Sxx = 0.698967
Sxy = -0.647192
mean_x2 = 1.24445
Sxx2 = 1.63181
C = -0.22296
B = -0.405404
A = 2.05881
rms_2 0.0287175801
