m = -0.925925
b = 2.16579
rms = 0.148841
rms_2 0.0000009784
